 E[W]:0.7848560707078327 E[T]:1.2848560707078307, Var[T]: 0.1663977749982635, E[T] ConfidenceInterval: (1.2840473841851405, 1.2856647572305209), Var[T] ConfidenceInterval: (0.1655890884755734, 0.1672064615209536)T invidual: 
1.0
1.0
1.1278587289514483
1.1572487503021631
1.1179365627266225
1.094349250181298
1.085454231123746
1.1195630265949543
1.104617648270585
1.1134598390565897
1.1021138551509306
1.1122000434765706
1.161691589733025
1.2358640041058324
1.3301621460449715
1.4196740199354665
1.4963772462609228
1.4963406602907123
1.5054743762962028
1.4788704617542974
1.4549269386665826
1.4455233042537596
1.4471508104265722
1.4598985417289916
1.474253841303922
1.4552836876517652
1.4429056689793809
1.447273890210511
1.4312998227029925
1.4269076621109984
1.4126774067072985
1.3993652322973857
1.3868850687880925
1.3807111223967738
1.3695137364439274
1.358956201116958
1.3540524978879187
1.3444835114585154
1.3354181558938178
1.3268176903580788
1.318647248099127
1.3108753639991482
1.3096546700131613
1.3024533986175064
1.2955794577398358
1.289011025345617
1.2827281769685386
1.2767126838415483
1.2756645529880644
1.2700387457842264
1.264637970868542
1.2594489910475901
1.254459587373598
1.2496584630835301
1.2521767072769698
1.2538560082220758
1.24932286521811
1.2449487798634062
1.2407255250381752
1.2366454313934603
1.232701340870236
1.2318400128302178
1.2357107564737675
1.2465773595384497
1.2572081360277791
1.2582989815658916
1.2623952345688667
1.2684316960236455
1.2749475006018811
1.2772635632348812
1.2865677203587251
1.2847285628647636
1.2813531929226998
1.2847407931342836
1.282631002829827
1.2788625894587624
1.2751933448606207
1.2716194053169765
1.273536339081394
1.2700738537765663
1.2666979306043593
1.2655869795744237
1.2698818281229314
1.275547867735231
1.2722675359764781
1.2721636254535669
1.2689989321343393
1.2694346291132679
1.2735072166281236
1.270434101834549
1.2674292784808319
1.2674980699320366
1.264590482215384
1.2617454232668315
1.2590446208216055
1.2563178353392728
1.2570509168819048
1.254400907429514
1.2557727549601065
1.2564896531284526
1.253924756597168
1.2527767824572833
1.250298578707702
1.249681072156839
1.2472802926168696
1.2449252422109944
1.2426146267184381
1.2447875976890854
1.2498983152822887
1.250162021985432
1.2478878217855642
1.2456545981658746
1.2474768967572714
1.245286835724021
1.2444197609502492
1.2422943717245951
1.2436503433394372
1.2434170434754979
1.2438715290718758
1.24182218849144
1.2398070035873445
1.2378251275246395
1.2378310652975557
1.2402633627493787
1.24265837226899
1.2424789734591424
1.2448395392712766
1.247326936671265
1.2468303013261612
1.2449168881375865
1.2430329120749894
1.2438650655921508
1.2420176029740284
1.2401979217486598
1.2384053999445652
1.2399513757392508
1.2421634454485035
1.245405703533263
1.2436274013337467
1.2418746862162378
1.243458486449015
1.2417318305167526
1.2406589687157625
1.242933208703122
1.2424043829257736
1.2445615523250142
1.2478287890927413
1.249996382472773
1.250651062565006
1.252613040012637
1.2547086698549814
1.253021857471836
1.2545946544816362
1.2586991622184025
1.2630260623421692
1.2680624342727864
1.2732960704973553
1.273244067967802
1.2715146751325628
1.2721198519830506
1.2752249102452435
1.2772141308122678
1.2755029324739207
1.2755487743183984
1.2738685988652376
1.272208789175145
1.2725567944875957
1.2709247178738976
1.2719838918925963
1.2713039090854314
1.272543841162316
1.2709500175297879
1.269374726730196
1.2686197051086217
1.2690804303597198
1.2688969825758483
1.2704325673024777
1.2689046996905993
1.2673939991305396
1.2675052981624837
1.2676111449740404
1.2667305801735316
1.2671842803223878
1.2678846148892744
1.2704626431798491
1.2690006829464446
1.26812182819396
1.2666880216260779
1.2652694683195562
1.2638659261591352
1.2624771581267187
1.2614770256148433
1.2601151661064327
1.2592465258932766
1.2608906313454242
1.2621400169238224
1.2608025678578845
1.2594786969550524
1.259788221178673
1.2588180892694643
1.2589397983713908
1.2594797684825947
1.258195215173275
1.256923317561584
1.2572411264772096
1.2564138213561173
1.2554153732904323
1.2541814825982078
1.2529594562395627
1.2540747867942759
1.2528649068571602
1.253636590140159
1.255861818001186
1.2579279372845287
1.2606010892835058
1.259388991193815
1.2581881162345845
1.2569983092473282
1.2558194179205056
1.2564848319082522
1.2553189917632146
1.254163702207725
1.254336235037109
1.2531957138037586
1.252791191911805
1.2516676755033083
1.2505541017178954
1.2494503391552616
1.2488971501801516
1.2486660549577346
1.2493903842801153
1.2483107722269546
1.2476513207559148
1.2465884395509537
1.245534642800736
1.2444898145334986
1.2445484104049414
1.243516560572009
1.2424933817460764
1.2414787650860506
1.240472603564859
1.2394747919318099
1.2384852266758932
1.237503805989984
1.2365304297359268
1.2355649994104738
1.2346074181120577
1.2338809132587871
1.2329378450601631
1.2329763977680337
1.2348195311027412
1.233883995122252
1.2329558840304973
1.2324713522165227
1.2315561106723631
1.2310460064022162
1.230143482939707
1.2292479830060898
1.2283594249324228
1.2274777283110618
1.2280614264365042
1.2288353969197803
1.227961979374285
1.22886503482414
1.2281777666894949
1.2273167185133078
1.2275995782181663
1.2290197229473099
1.2305416148902524
1.2336696385575432
1.2386172817106718
1.245334757020163
1.2510127592340496
1.2500932985775146
1.2491805493126333
1.248274438224224
1.2473748931581938
1.2476882666408193
1.2495797958792076
1.2518120712952612
1.2550053752657104
1.2540978828270426
1.254600096052593
1.2537004490700747
1.2543778052087402
1.2534852515062533
1.2525989394380497
1.2517188037605653
1.25101835097591
1.2519834785056412
1.2537114384612156
1.2528395778479466
1.2528145048142627
1.2532183401678858
1.2523570532965667
1.2518757292269844
1.2515106156721738
1.2513308877491127
1.2519054753467276
1.251062982118143
1.2502261055110826
1.2493947895459294
1.2485689789845191
1.2477486193179037
1.2469336567543579
1.2471898724530388
1.248056518881767
1.2499251185901508
1.2491136733999233
1.2483074802821241
1.2479453709427406
1.2474383076811777
1.2466452361821996
1.2465878811658233
1.2479785614341656
1.2471913279058031
1.2474342625204486
1.2481699728698474
1.2500707693063053
1.249286848399389
1.2491311353862882
1.248355025930256
1.2481012019568667
1.2473330867805295
1.2465697130558981
1.2472216370703004
1.2464632884903302
1.2457095781279741
1.244960463560511
1.2442159028809956
1.2447023090696363
1.245238658750854
1.244499988091966
1.2437657538934916
1.2435176053087602
1.2428620097939482
1.2421392061933711
1.2427097573126888
1.2445139185230738
1.2469989408549602
1.2488509690668357
1.249722925536409
1.2494163950154726
1.2489438688673056
1.2484802372538282
1.2487232770285586
1.248004423626742
1.2472897134721983
1.2465791108472781
1.2466284956920781
1.2471256226735767
1.248064384141409
1.247359655777371
1.2478636397884808
1.248864292524934
1.2499858569622442
1.2492836494988673
1.2485853759708592
1.2478910034122814
1.2483912752357462
1.248416598749455
1.2488364728826036
1.2483914850245568
1.2481859962594866
1.2491114641699945
1.248768608604262
1.2480889129523378
1.2474129213639118
1.2467406036428144
1.246324361728255
1.2456586202100703
1.2453504795683112
1.2446909352683964
1.244655038031665
1.245207283484532
1.2448259564888864
1.2441748236258843
1.2435271450486272
1.2428828933421494
1.2422420413808244
1.2416045623245593
1.240970429615046
1.2403396169720744
1.2408125750234662
1.2401854589426757
1.2395616006077597
1.2389409746994497
1.2383235561601746
1.2377093201906895
1.2382411212357298
1.2376302465658946
1.2370224965746777
1.237649937206236
1.2370452299868817
1.2372759565091174
1.2366752578850437
1.237064928898876
1.2364677880200374
1.2370143872131385
1.2364203661925541
1.235851046018865
1.2352628887968728
1.2354069231048814
1.2357534937920909
1.23516994554013
1.2345892790079325
1.2345440455404244
1.2339677702442564
1.233394319826991
1.2328236735682456
1.232255810949786
1.2316907116530713
1.2318434832943586
1.2312821189280283
1.2307234664668498
1.2307666276962506
1.2317126689307272
1.2311570030579915
1.230603995873642
1.2300536283417243
1.229505881607577
1.229287632391589
1.228979209315584
1.2284378873077457
1.2278991187056048
1.2273628854851213
1.2268291697914941
1.2274564393099716
1.2288087186770311
1.2282753650204408
1.2277444920785332
1.2272160825841514
1.226690119430021
1.2270916637543092
1.2265684110728476
1.2262810948550396
1.226964748531944
1.2275666065391706
1.2282086089619146
1.2276887715838696
1.2271712971029969
1.2266561694451674
1.2271261205493946
1.2273813433890302
1.22717830955763
1.2273681458502952
1.2277358642124296
1.2272263880061376
1.2267191862471956
1.2262142437388497
1.2261809615267742
1.2267802525495495
1.2262785263270946
1.22577901523145
1.2252817046252136
1.225712254510607
1.2254217817650679
1.2260493449121552
1.2265487436477776
1.2275756578768378
1.2295177424976615
1.2315567303862467
1.2341874320122586
1.2372960102724584
1.2410686367840746
1.2426970424091623
1.2421762333052802
1.242044583967914
1.241527394685931
1.2416830114660427
1.2428404031658637
1.2444520744707277
1.2445255487433882
1.2456395507545297
1.2451213238542036
1.2450291076607032
1.2445143406278023
1.2440017319472412
1.2434912680728745
1.2429829355716786
1.2424767211225707
1.2419726115152472
1.2421148174189527
1.2429029950722772
1.2429512628129742
1.243638881856815
1.2434436129436939
1.2429437287282037
1.2427399069183427
1.2422435062906978
1.2420909779547948
1.2428473415729093
1.2438853601792077
1.2443264307419974
1.2447276635728572
1.244233264252508
1.2437408584778054
1.2432504342152746
1.2427619795280953
1.2422754825751332
1.241790931609983
1.2413083149800228
1.241067971123312
1.241400862278618
1.2425636449992095
1.2439910451236733
1.2439112867619522
1.243430199411337
1.242951006105409
1.2431368057616512
1.2439432221979392
1.2452692140470618
1.2448690781155574
1.2443917504779052
1.243916280146236
1.2434426563012921
1.2435944249917597
1.2431657235371516
1.2426962916384314
1.2431226850333208
1.2431090915578336
1.2426424714204864
1.2421776390997579
1.2417145843404849
1.241253296965789
1.2413341872319388
1.240875376990053
1.2407195810945697
1.241390387679363
1.2409340731468879
1.2404794805560448
1.2400266001783498
1.2395754223584656
1.2397306207470702
1.239281687000353
1.239733783428944
1.2400229260218436
1.2403665833031103
1.2405803775750843
1.2411464116466546
1.2421618132117354
1.2417141943333403
1.241804702745952
1.2428116029652851
1.242805139461304
1.2423596254439437
1.2419157433460613
1.2414734842174577
1.241778130922809
1.2425529593804812
1.2421119539997894
1.2423430294232756
1.2419040021960595
1.2414665627707502
1.2410307025491423
1.2405964129949998
1.2401636856334979
1.2397325120506728
1.2393028838928761
1.2395607807918658
1.239132993683309
1.2387067316624831
1.2382819865883508
1.2385502850645043
1.2381273235661632
1.2377058592766657
1.2379031249957149
1.2386952229957653
1.2393824972011254
1.2407844577951423
1.2422853438318355
1.2435593747513234
1.2431335716486114
1.2427092547696437
1.2422864163466998
1.24254251906891
1.2421214383066377
1.2417018170964007
1.2415702224256433
1.2417604866053895
1.2413436581802075
1.2409282646205173
1.2405142985301039
1.2401017525635
1.2397997865782737
1.2398945725464523
1.2394851961427893
1.2398955134864846
1.2396341584787736
1.239858755015102
1.2402649355687685
1.2412910073957075
1.2428769846057415
1.2446162527803475
1.24420444090698
1.2437940132752034
1.2433849629173592
1.2429772829124723
1.242570966385863
1.2427536955550222
1.2423491060624303
1.2419458629575013
1.2415439595306617
1.241923020006329
1.2422549435386416
1.2418545221443629
1.2417906222606208
1.2418496753603618
1.2414518962890453
1.2410554235529385
1.240660250727442
1.241028657609456
1.2422035044107504
1.2439924522634125
1.2455540694715728
1.2469270565398203
1.248082727262515
1.2488403949592164
1.2484377405984408
1.2486048896090873
1.2493677176340672
1.2503461084632144
1.2515194731466386
1.2511157500757772
1.2507133209891172
1.2509127565550031
1.2506349844149331
1.2502352475976841
1.2500969618670363
1.2496993514348151
1.2497990047105287
1.24940312673159
1.2490085015310652
1.2489715283993137
1.2495091607681232
1.2491162329558898
1.2494474229591623
1.2497990726486394
1.250043029625674
1.2496517259799373
1.2492616451580938
1.2488727814370981
1.248485129129564
1.2480986825834837
1.248230553778683
1.2478457002069332
1.2474620381323094
1.2477422790748423
1.2486119025801345
1.2502403165267848
1.249855331424436
1.2494715290720175
1.2490889040274284
1.2493684707910346
1.2496923563342772
1.2507775383800266
1.252261745092172
1.253554188256135
1.2531688475444993
1.2529940270936868
1.2526107028102116
1.252704862615335
1.2534418340601383
1.2547131642133522
1.25666129855219
1.256275341712262
1.2559929637014624
1.2556091661546833
1.255452945537791
1.255938145021673
1.2555561477902972
1.2551752891497752
1.2549869962787576
1.2546081151550152
1.254230358307604
1.2538537207397409
1.2534781974842086
1.2531037836031391
1.252730474187795
1.2526321731926553
1.253118330441932
1.2527466442004604
1.252536771575809
1.2521670252045412
1.2517983599630143
1.2514307711163528
1.2510642539572912
1.25137722872406
1.2518993071198647
1.2520771801959665
1.2517118509493057
1.2520078920397164
1.252944526221027
1.2545688610836616
1.2562186996468672
1.257830600767158
1.2599528671653015
1.2595799075280487
1.2592080165430515
1.2588371896238197
1.2585521594750675
1.258183326151993
1.2578155436361071
1.257621872811093
1.2576308480042582
1.257265414177302
1.2570899014732075
1.256726266534773
1.2569426149121032
1.2565802134806332
1.2562188328982662
1.2558584688576215
1.255499117075518
1.2553897465764374
1.2553514877038654
1.2550953415791886
1.255326019630502
1.256153590478419
1.2560046803735752
1.2557199872011036
1.2553648205522132
1.2550106391090061
1.2546574387778304
1.2543052154876815
1.2539539651900462
1.2536036838587497
1.2532543674897982
1.2529060121012292
1.2525586137329583
1.2522121684466305
1.2518666723254708
1.252100374395915
1.252210932258307
1.252388905596766
1.252045051501948
1.2517021330645302
1.2513601464706923
1.2510190879273129
1.2511183898445253
1.2515611640553044
1.252341629396579
1.2520010873865974
1.2520607447068868
1.2525439004560925
1.2532817841082693
1.2529418085591306
1.25260274447259
1.2522645881881558
1.2519273360649095
1.2515909844813782
1.251255529835403
1.250920968544011
1.2505872970432874
1.250611459898232
1.2502790839567228
1.2499475884812834
1.249616969978001
1.2494586859871364
1.249129584818288
1.2488013508461953
1.2484739806477134
1.24814747081769
1.2482906302132035
1.2479652165431994
1.2476406547414414
1.2474749400660683
1.2479116852040704
1.2475884626679503
1.2472660818571848
1.2469445394880598
1.2466238322939194
1.24667413474655
1.2470628704602775
1.246743254845193
1.2464244651102512
1.2467066499170176
1.2463887289764028
1.2460716263651077
1.2457553389276206
1.2454398635246324
1.2455913757959265
1.24578055860316
1.2462885565140547
1.2474115152928495
1.2490722713644637
1.2504779432065611
1.2510586115157385
1.2510919279482746
1.2508949447068811
1.2505769536489508
1.250349790460364
1.2501539203461167
1.2501215126109884
1.2498061008674688
1.2494914836119684
1.2491776578464187
1.2488646205878176
1.248552368868134
1.248240899734214
1.2485287137853074
1.2482180528930757
1.2479081676834716
1.2478527516012632
1.2475440931310249
1.2476052177679966
1.2472976336465458
1.2469908127611282
1.2469648478764914
1.2466591983122879
1.2463543043712342
1.2463655130593534
1.2461697100535034
1.2458665453859499
1.2455641265109365
1.245262450679842
1.2449615151575355
1.2450670936998411
1.245088167074951
1.2447885482887957
1.2444932219236353
1.2445117985213046
1.2450761341834446
1.2458510046352695
1.247039219020053
1.247761349462465
1.248939324927225
1.2505150517219288
1.252676106030721
1.2530093539450173
1.2538938751444684
1.254903812176917
1.2553499373968873
1.2550430264144392
1.254736852313101
1.2544314124422222
1.2541267041638484
1.2540849478547214
1.254441114691015
1.2541374856758707
1.2540252813713428
1.253809818727268
1.2535080234612423
1.2532069450485805
1.253319063703877
1.254013537469536
1.2552294538489672
1.2551123186520676
1.2555402711689438
1.2564170886429624
1.2576387472578445
1.258517444733482
1.2591072912334733
1.2598727103929688
1.2608959439242489
1.2617746949538013
1.2632344862479281
1.26458174505698
1.2662673307987293
1.267782633061589
1.2688415060334577
1.2691816707922996
1.2698900742343622
1.270994861384914
1.2716737486506267
1.2714882707786221
1.2713383756005165
1.2713752863141259
1.2710622813702805
1.2707499976359833
1.2704384326214422
1.270423787343833
1.2706546197728477
1.2708777433210126
1.2716356924629928
1.2724440416099048
1.2735644038763345
1.274280141204084
1.2749548448528991
1.2760892781888942
1.2771401385687562
1.2786697739086448
1.2806930585943173
1.2811631038608615
1.281804696359165
1.282906156704818
1.283696624922981
1.2850262341297094
1.286282442077992
1.28789561521029
1.2896831211705155
1.2919787483777188
1.2946197929422467
1.2957157851423453
1.2971240450783819
1.296791691560396
1.2964600807318376
1.2961323292489444
1.29580219287297
1.2959811773267238
1.2958608221077732
1.2955320878609864
1.2952040833239602
1.2950319828449295
1.2951781410052376
1.2956220540369037
1.2965976558376913
1.2973677954238085
1.2970399367739476
1.2968921205883073
1.2969424430332797
1.2968908799451915
1.296564984357984
1.296239803454082
1.2961269710819379
1.2962731720066654
1.296888234051655
1.2966394105334456
1.296315921536135
1.2959931373078823
1.2956710555480249
1.295349673965908
1.2950289902808212
1.2951816967692595
1.2948618899471909
1.2945427753476813
1.2942243507256836
1.2939066138458504
1.293755671844416
1.294047703788203
1.2940841460691335
1.294104980685956
1.2940968728576
1.2939895533805386
1.2936744520371506
1.2933600254289739
1.2931260490430276
1.292812880187212
1.2925003797814636
1.2926088713629371
1.2929772005872624
1.2936709044215777
1.293358820569908
1.2930473993166485
1.2927366385538532
1.292426536182503
1.2924316206688387
1.2921224963340932
1.291814024849052
1.291506204147734
1.2915344373964392
1.2916049465544042
1.2916246625277839
1.2913183341007592
1.291144719808191
1.2908395366637369
1.2905349926462886
1.2903231947705924
1.2900198267509793
1.2898487797994551
1.289636149154787
1.2893344448327513
1.2890333684073265
1.288732917920417
1.2887206391369175
1.2884211363992237
1.2881222543925925
1.2878239911892877
1.287530720442623
1.287233684574397
1.2869372617832988
1.2866414501732117
1.286346247855835
1.2861260157219685
1.2858319499298594
1.2855384879689462
1.2857209445215545
1.2856201268096634
1.2853277827699408
1.28503603657079
1.2852242801908438
1.2853238020770104
1.2852439920042638
1.2849535195073147
1.2846636380022205
1.2843743456871772
1.2842948981490563
1.2840065666093525
1.2837188193280855
1.2834316545311948
1.2835759048933386
1.2832894645853645
1.2831949210064222
1.2829094422554075
1.2826245384867707
1.2823402079651538
1.2823376348792106
1.2826934927518134
1.2834692718445615
1.2837949778613928
1.2844094466521196
1.28514092677854
